右A-1;60 00 00 00 00 00 00 00 10 80 79 FF 00 80 5F C5 10 80 5F 78 00 80 78 35 10 80 7F 79 00 80 7E 35 00 00 00 00 00 00 00 00 00 00 00 00 00 00 00 00 00 00 00 00 00 00 00 00 00 00 00 00 00 00 00 00
右A-2;60 00 00 00 00 00 00 00 10 80 79 FF 00 80 5F 9F 10 80 5F 65 00 80 78 35 10 80 7F 66 00 80 7E 35 00 00 00 00 00 00 00 00 00 00 00 00 00 00 00 00 00 00 00 00 00 00 00 00 00 00 00 00 00 00 00 00
右A-3;60 00 00 00 00 00 00 00 10 80 79 FF 00 80 5F 86 10 80 5F 52 00 80 78 35 10 80 7F 53 00 80 7E 35 00 00 00 00 00 00 00 00 00 00 00 00 00 00 00 00 00 00 00 00 00 00 00 00 00 00 00 00 00 00 00 00
右A-4;60 00 00 00 00 00 00 00 10 80 79 FF 00 80 5F 6B 10 80 5F 3F 00 80 78 35 10 80 7F 40 00 80 7E 35 00 00 00 00 00 00 00 00 00 00 00 00 00 00 00 00 00 00 00 00 00 00 00 00 00 00 00 00 00 00 00 00
右A-5;60 00 00 00 00 00 00 00 10 80 79 FF 00 80 5F 54 10 80 5F 2B 00 80 78 35 10 80 7F 2C 00 80 7E 35 00 00 00 00 00 00 00 00 00 00 00 00 00 00 00 00 00 00 00 00 00 00 00 00 00 00 00 00 00 00 00 00
右A-6;60 00 00 00 00 00 00 00 10 80 79 FF 00 80 5F 41 10 80 5F 15 00 80 78 35 10 80 7F 16 00 80 7E 35 00 00 00 00 00 00 00 00 00 00 00 00 00 00 00 00 00 00 00 00 00 00 00 00 00 00 00 00 00 00 00 00
右A-7;60 00 00 00 00 00 00 00 10 80 79 FF 00 80 5F 2C 10 80 5F 00 00 80 78 35 10 80 7F 01 00 80 7E 35 00 00 00 00 00 00 00 00 00 00 00 00 00 00 00 00 00 00 00 00 00 00 00 00 00 00 00 00 00 00 00 00
右A-8;60 00 00 00 00 00 00 00 10 80 79 FF 00 80 5F 16 10 80 5E EB 00 80 78 35 10 80 7E EC 00 80 7E 35 00 00 00 00 00 00 00 00 00 00 00 00 00 00 00 00 00 00 00 00 00 00 00 00 00 00 00 00 00 00 00 00
右A-9;60 00 00 00 00 00 00 00 10 80 79 FF 00 80 5F 01 10 80 5E D6 00 80 78 35 10 80 7E D7 00 80 7E 35 00 00 00 00 00 00 00 00 00 00 00 00 00 00 00 00 00 00 00 00 00 00 00 00 00 00 00 00 00 00 00 00
右A-10;60 00 00 00 00 00 00 00 10 80 79 FF 00 80 5E EC 10 80 5E C1 00 80 78 35 10 80 7E C2 00 80 7E 35 00 00 00 00 00 00 00 00 00 00 00 00 00 00 00 00 00 00 00 00 00 00 00 00 00 00 00 00 00 00 00 00
右A-11;60 00 00 00 00 00 00 00 10 80 79 FF 00 80 5E D8 10 80 5E AA 00 80 78 35 10 80 7E AB 00 80 7E 35 00 00 00 00 00 00 00 00 00 00 00 00 00 00 00 00 00 00 00 00 00 00 00 00 00 00 00 00 00 00 00 00
右A-12;60 00 00 00 00 00 00 00 10 80 79 FF 00 80 5E C4 10 80 5E 93 00 80 78 35 10 80 7E 94 00 80 7E 35 00 00 00 00 00 00 00 00 00 00 00 00 00 00 00 00 00 00 00 00 00 00 00 00 00 00 00 00 00 00 00 00
右A-13;60 00 00 00 00 00 00 00 10 80 79 FF 00 80 5E B0 10 80 5E 7C 00 80 78 35 10 80 7E 7D 00 80 7E 35 00 00 00 00 00 00 00 00 00 00 00 00 00 00 00 00 00 00 00 00 00 00 00 00 00 00 00 00 00 00 00 00
右A-14;60 00 00 00 00 00 00 00 10 80 79 FF 00 80 5E 9D 10 80 5E 64 00 80 78 35 10 80 7E 65 00 80 7E 35 00 00 00 00 00 00 00 00 00 00 00 00 00 00 00 00 00 00 00 00 00 00 00 00 00 00 00 00 00 00 00 00
右A-15;60 00 00 00 00 00 00 00 10 80 79 FF 00 80 5E 89 10 80 5E 3E 00 80 78 35 10 80 7E 3F 00 80 7E 35 00 00 00 00 00 00 00 00 00 00 00 00 00 00 00 00 00 00 00 00 00 00 00 00 00 00 00 00 00 00 00 00
右A-16;60 00 00 00 00 00 00 00 10 80 79 FF 00 80 5F C5 10 80 5F 78 00 80 78 35 10 80 19 79 00 80 5E 35 00 00 00 00 00 00 00 00 00 00 00 00 00 00 00 00 00 00 00 00 00 00 00 00 00 00 00 00 00 00 00 00
右A-17;60 00 00 00 00 00 00 00 10 80 79 FF 00 80 5F 9F 10 80 5F 65 00 80 78 35 10 80 19 66 00 80 5E 35 00 00 00 00 00 00 00 00 00 00 00 00 00 00 00 00 00 00 00 00 00 00 00 00 00 00 00 00 00 00 00 00
右A-18;60 00 00 00 00 00 00 00 10 80 79 FF 00 80 5F 86 10 80 5F 52 00 80 78 35 10 80 19 53 00 80 5E 35 00 00 00 00 00 00 00 00 00 00 00 00 00 00 00 00 00 00 00 00 00 00 00 00 00 00 00 00 00 00 00 00
右A-19;60 00 00 00 00 00 00 00 10 80 79 FF 00 80 5F 6B 10 80 5F 3F 00 80 78 35 10 80 19 40 00 80 5E 35 00 00 00 00 00 00 00 00 00 00 00 00 00 00 00 00 00 00 00 00 00 00 00 00 00 00 00 00 00 00 00 00
右A-20;60 00 00 00 00 00 00 00 10 80 79 FF 00 80 5F 54 10 80 5F 2B 00 80 78 35 10 80 19 2C 00 80 5E 35 00 00 00 00 00 00 00 00 00 00 00 00 00 00 00 00 00 00 00 00 00 00 00 00 00 00 00 00 00 00 00 00
右A-21;60 00 00 00 00 00 00 00 10 80 79 FF 00 80 5F 41 10 80 5F 15 00 80 78 35 10 80 19 16 00 80 5E 35 00 00 00 00 00 00 00 00 00 00 00 00 00 00 00 00 00 00 00 00 00 00 00 00 00 00 00 00 00 00 00 00
右A-22;60 00 00 00 00 00 00 00 10 80 79 FF 00 80 5F 2C 10 80 5F 00 00 80 78 35 10 80 19 01 00 80 5E 35 00 00 00 00 00 00 00 00 00 00 00 00 00 00 00 00 00 00 00 00 00 00 00 00 00 00 00 00 00 00 00 00
右A-23;60 00 00 00 00 00 00 00 10 80 79 FF 00 80 5F 16 10 80 5E EB 00 80 78 35 10 80 18 EC 00 80 5E 35 00 00 00 00 00 00 00 00 00 00 00 00 00 00 00 00 00 00 00 00 00 00 00 00 00 00 00 00 00 00 00 00
右A-24;60 00 00 00 00 00 00 00 10 80 79 FF 00 80 5F 01 10 80 5E D6 00 80 78 35 10 80 18 D7 00 80 5E 35 00 00 00 00 00 00 00 00 00 00 00 00 00 00 00 00 00 00 00 00 00 00 00 00 00 00 00 00 00 00 00 00
右A-25;60 00 00 00 00 00 00 00 10 80 79 FF 00 80 5E EC 10 80 5E C1 00 80 78 35 10 80 18 C2 00 80 5E 35 00 00 00 00 00 00 00 00 00 00 00 00 00 00 00 00 00 00 00 00 00 00 00 00 00 00 00 00 00 00 00 00
右A-26;60 00 00 00 00 00 00 00 10 80 79 FF 00 80 5E D8 10 80 5E AA 00 80 78 35 10 80 18 AB 00 80 5E 35 00 00 00 00 00 00 00 00 00 00 00 00 00 00 00 00 00 00 00 00 00 00 00 00 00 00 00 00 00 00 00 00
右A-27;60 00 00 00 00 00 00 00 10 80 79 FF 00 80 5E C4 10 80 5E 93 00 80 78 35 10 80 18 94 00 80 5E 35 00 00 00 00 00 00 00 00 00 00 00 00 00 00 00 00 00 00 00 00 00 00 00 00 00 00 00 00 00 00 00 00
右A-28;60 00 00 00 00 00 00 00 10 80 79 FF 00 80 5E B0 10 80 5E 7C 00 80 78 35 10 80 18 7D 00 80 5E 35 00 00 00 00 00 00 00 00 00 00 00 00 00 00 00 00 00 00 00 00 00 00 00 00 00 00 00 00 00 00 00 00
右A-29;60 00 00 00 00 00 00 00 10 80 79 FF 00 80 5E 9D 10 80 5E 64 00 80 78 35 10 80 18 65 00 80 5E 35 00 00 00 00 00 00 00 00 00 00 00 00 00 00 00 00 00 00 00 00 00 00 00 00 00 00 00 00 00 00 00 00
右A-30;60 00 00 00 00 00 00 00 10 80 79 FF 00 80 5E 89 10 80 5E 3E 00 80 78 35 10 80 18 3F 00 80 5E 35 00 00 00 00 00 00 00 00 00 00 00 00 00 00 00 00 00 00 00 00 00 00 00 00 00 00 00 00 00 00 00 00
右B-1;60 00 00 00 00 00 00 00 10 80 6B FF 00 80 5F CF 10 80 6B 82 00 80 5E 35 10 80 7F 83 00 80 7E 35 00 00 00 00 00 00 00 00 00 00 00 00 00 00 00 00 00 00 00 00 00 00 00 00 00 00 00 00 00 00 00 00
右B-2;60 00 00 00 00 00 00 00 10 80 6B FF 00 80 5F A9 10 80 6B 6F 00 80 5E 35 10 80 7F 70 00 80 7E 35 00 00 00 00 00 00 00 00 00 00 00 00 00 00 00 00 00 00 00 00 00 00 00 00 00 00 00 00 00 00 00 00
右B-3;60 00 00 00 00 00 00 00 10 80 6B FF 00 80 5F 90 10 80 6B 5C 00 80 5E 35 10 80 7F 5D 00 80 7E 35 00 00 00 00 00 00 00 00 00 00 00 00 00 00 00 00 00 00 00 00 00 00 00 00 00 00 00 00 00 00 00 00
右B-4;60 00 00 00 00 00 00 00 10 80 6B FF 00 80 5F 75 10 80 6B 49 00 80 5E 35 10 80 7F 4A 00 80 7E 35 00 00 00 00 00 00 00 00 00 00 00 00 00 00 00 00 00 00 00 00 00 00 00 00 00 00 00 00 00 00 00 00
右B-5;60 00 00 00 00 00 00 00 10 80 6B FF 00 80 5F 5E 10 80 6B 35 00 80 5E 35 10 80 7F 36 00 80 7E 35 00 00 00 00 00 00 00 00 00 00 00 00 00 00 00 00 00 00 00 00 00 00 00 00 00 00 00 00 00 00 00 00
右B-6;60 00 00 00 00 00 00 00 10 80 6B FF 00 80 5F 4B 10 80 6B 1F 00 80 5E 35 10 80 7F 20 00 80 7E 35 00 00 00 00 00 00 00 00 00 00 00 00 00 00 00 00 00 00 00 00 00 00 00 00 00 00 00 00 00 00 00 00
右B-7;60 00 00 00 00 00 00 00 10 80 6B FF 00 80 5F 36 10 80 6B 0A 00 80 5E 35 10 80 7F 0B 00 80 7E 35 00 00 00 00 00 00 00 00 00 00 00 00 00 00 00 00 00 00 00 00 00 00 00 00 00 00 00 00 00 00 00 00
右B-8;60 00 00 00 00 00 00 00 10 80 6B FF 00 80 5F 20 10 80 6A F5 00 80 5E 35 10 80 7F 00 00 80 7E 35 00 00 00 00 00 00 00 00 00 00 00 00 00 00 00 00 00 00 00 00 00 00 00 00 00 00 00 00 00 00 00 00
右B-9;60 00 00 00 00 00 00 00 10 80 6B FF 00 80 5F 0B 10 80 6A E0 00 80 5E 35 10 80 7E E1 00 80 7E 35 00 00 00 00 00 00 00 00 00 00 00 00 00 00 00 00 00 00 00 00 00 00 00 00 00 00 00 00 00 00 00 00
右B-10;60 00 00 00 00 00 00 00 10 80 6B FF 00 80 5E F6 10 80 6A CB 00 80 5E 35 10 80 7E CC 00 80 7E 35 00 00 00 00 00 00 00 00 00 00 00 00 00 00 00 00 00 00 00 00 00 00 00 00 00 00 00 00 00 00 00 00
右B-11;60 00 00 00 00 00 00 00 10 80 6B FF 00 80 5E E2 10 80 6A B4 00 80 5E 35 10 80 7E B5 00 80 7E 35 00 00 00 00 00 00 00 00 00 00 00 00 00 00 00 00 00 00 00 00 00 00 00 00 00 00 00 00 00 00 00 00
右B-12;60 00 00 00 00 00 00 00 10 80 6B FF 00 80 5E CE 10 80 6A 9D 00 80 5E 35 10 80 7E 9E 00 80 7E 35 00 00 00 00 00 00 00 00 00 00 00 00 00 00 00 00 00 00 00 00 00 00 00 00 00 00 00 00 00 00 00 00
右B-13;60 00 00 00 00 00 00 00 10 80 6B FF 00 80 5E BA 10 80 6A 86 00 80 5E 35 10 80 7E 87 00 80 7E 35 00 00 00 00 00 00 00 00 00 00 00 00 00 00 00 00 00 00 00 00 00 00 00 00 00 00 00 00 00 00 00 00
右B-14;60 00 00 00 00 00 00 00 10 80 6B FF 00 80 5E A7 10 80 6A 6E 00 80 5E 35 10 80 7E 6F 00 80 7E 35 00 00 00 00 00 00 00 00 00 00 00 00 00 00 00 00 00 00 00 00 00 00 00 00 00 00 00 00 00 00 00 00
右B-15;60 00 00 00 00 00 00 00 10 80 6B FF 00 80 5E 93 10 80 6A 48 00 80 5E 35 10 80 7E 49 00 80 7E 35 00 00 00 00 00 00 00 00 00 00 00 00 00 00 00 00 00 00 00 00 00 00 00 00 00 00 00 00 00 00 00 00
右B-16;60 00 00 00 00 00 00 00 10 80 6B FF 00 80 5F CF 10 80 6B 82 00 80 5E 35 10 80 2D 83 00 80 50 35 00 00 00 00 00 00 00 00 00 00 00 00 00 00 00 00 00 00 00 00 00 00 00 00 00 00 00 00 00 00 00 00
右B-17;60 00 00 00 00 00 00 00 10 80 6B FF 00 80 5F A9 10 80 6B 6F 00 80 5E 35 10 80 2D 70 00 80 50 35 00 00 00 00 00 00 00 00 00 00 00 00 00 00 00 00 00 00 00 00 00 00 00 00 00 00 00 00 00 00 00 00
右B-18;60 00 00 00 00 00 00 00 10 80 6B FF 00 80 5F 90 10 80 6B 5C 00 80 5E 35 10 80 2D 5D 00 80 50 35 00 00 00 00 00 00 00 00 00 00 00 00 00 00 00 00 00 00 00 00 00 00 00 00 00 00 00 00 00 00 00 00
右B-19;60 00 00 00 00 00 00 00 10 80 6B FF 00 80 5F 75 10 80 6B 49 00 80 5E 35 10 80 2D 4A 00 80 50 35 00 00 00 00 00 00 00 00 00 00 00 00 00 00 00 00 00 00 00 00 00 00 00 00 00 00 00 00 00 00 00 00
右B-20;60 00 00 00 00 00 00 00 10 80 6B FF 00 80 5F 5E 10 80 6B 35 00 80 5E 35 10 80 2D 36 00 80 50 35 00 00 00 00 00 00 00 00 00 00 00 00 00 00 00 00 00 00 00 00 00 00 00 00 00 00 00 00 00 00 00 00
右B-21;60 00 00 00 00 00 00 00 10 80 6B FF 00 80 5F 4B 10 80 6B 1F 00 80 5E 35 10 80 2D 20 00 80 50 35 00 00 00 00 00 00 00 00 00 00 00 00 00 00 00 00 00 00 00 00 00 00 00 00 00 00 00 00 00 00 00 00
右B-22;60 00 00 00 00 00 00 00 10 80 6B FF 00 80 5F 36 10 80 6B 0A 00 80 5E 35 10 80 2D 0B 00 80 50 35 00 00 00 00 00 00 00 00 00 00 00 00 00 00 00 00 00 00 00 00 00 00 00 00 00 00 00 00 00 00 00 00
右B-23;60 00 00 00 00 00 00 00 10 80 6B FF 00 80 5F 20 10 80 6A F5 00 80 5E 35 10 80 2D 00 00 80 50 35 00 00 00 00 00 00 00 00 00 00 00 00 00 00 00 00 00 00 00 00 00 00 00 00 00 00 00 00 00 00 00 00
右B-24;60 00 00 00 00 00 00 00 10 80 6B FF 00 80 5F 0B 10 80 6A E0 00 80 5E 35 10 80 2C E1 00 80 50 35 00 00 00 00 00 00 00 00 00 00 00 00 00 00 00 00 00 00 00 00 00 00 00 00 00 00 00 00 00 00 00 00
右B-25;60 00 00 00 00 00 00 00 10 80 6B FF 00 80 5E F6 10 80 6A CB 00 80 5E 35 10 80 2C CC 00 80 50 35 00 00 00 00 00 00 00 00 00 00 00 00 00 00 00 00 00 00 00 00 00 00 00 00 00 00 00 00 00 00 00 00
右B-26;60 00 00 00 00 00 00 00 10 80 6B FF 00 80 5E E2 10 80 6A B4 00 80 5E 35 10 80 2C B5 00 80 50 35 00 00 00 00 00 00 00 00 00 00 00 00 00 00 00 00 00 00 00 00 00 00 00 00 00 00 00 00 00 00 00 00
右B-27;60 00 00 00 00 00 00 00 10 80 6B FF 00 80 5E CE 10 80 6A 9D 00 80 5E 35 10 80 2C 9E 00 80 50 35 00 00 00 00 00 00 00 00 00 00 00 00 00 00 00 00 00 00 00 00 00 00 00 00 00 00 00 00 00 00 00 00
右B-28;60 00 00 00 00 00 00 00 10 80 6B FF 00 80 5E BA 10 80 6A 86 00 80 5E 35 10 80 2C 87 00 80 50 35 00 00 00 00 00 00 00 00 00 00 00 00 00 00 00 00 00 00 00 00 00 00 00 00 00 00 00 00 00 00 00 00
右B-29;60 00 00 00 00 00 00 00 10 80 6B FF 00 80 5E A7 10 80 6A 6E 00 80 5E 35 10 80 2C 6F 00 80 50 35 00 00 00 00 00 00 00 00 00 00 00 00 00 00 00 00 00 00 00 00 00 00 00 00 00 00 00 00 00 00 00 00
右B-30;60 00 00 00 00 00 00 00 10 80 6B FF 00 80 5E 93 10 80 6A 48 00 80 5E 35 10 80 2C 49 00 80 50 35 00 00 00 00 00 00 00 00 00 00 00 00 00 00 00 00 00 00 00 00 00 00 00 00 00 00 00 00 00 00 00 00
