左A-1;60 00 00 00 00 00 00 00 10 FF F9 00 00 E2 99 00 10 B7 F9 00 00 1A 99 00 10 BC FF 00 00 1A FF 00 00 00 00 00 00 00 00 00 00 00 00 00 00 00 00 00 00 00 00 00 00 00 00 00 00 00 00 00 00 00 00 00
左A-2;60 00 00 00 00 00 00 00 10 FF F9 00 00 DD 19 00 10 AE 79 00 00 1A 99 00 10 B3 7F 00 00 1A FF 00 00 00 00 00 00 00 00 00 00 00 00 00 00 00 00 00 00 00 00 00 00 00 00 00 00 00 00 00 00 00 00 00
左A-3;60 00 00 00 00 00 00 00 10 FF F9 00 00 CA 19 00 10 A4 F9 00 00 1A 99 00 10 A9 FF 00 00 1A FF 00 00 00 00 00 00 00 00 00 00 00 00 00 00 00 00 00 00 00 00 00 00 00 00 00 00 00 00 00 00 00 00 00
左A-4;60 00 00 00 00 00 00 00 10 FF F9 00 00 BD 99 00 10 9B 79 00 00 1A 99 00 10 A0 7F 00 00 1A FF 00 00 00 00 00 00 00 00 00 00 00 00 00 00 00 00 00 00 00 00 00 00 00 00 00 00 00 00 00 00 00 00 00
左A-5;60 00 00 00 00 00 00 00 10 FF F9 00 00 B0 19 00 10 91 79 00 00 1A 99 00 10 96 7F 00 00 1A FF 00 00 00 00 00 00 00 00 00 00 00 00 00 00 00 00 00 00 00 00 00 00 00 00 00 00 00 00 00 00 00 00 00
左A-6;60 00 00 00 00 00 00 00 10 FF F9 00 00 A4 99 00 10 86 79 00 00 1A 99 00 10 8B 7F 00 00 1A FF 00 00 00 00 00 00 00 00 00 00 00 00 00 00 00 00 00 00 00 00 00 00 00 00 00 00 00 00 00 00 00 00 00
左A-7;60 00 00 00 00 00 00 00 10 FF F9 00 00 9B 19 00 10 7B F9 00 00 1A 99 00 10 80 FF 00 00 1A FF 00 00 00 00 00 00 00 00 00 00 00 00 00 00 00 00 00 00 00 00 00 00 00 00 00 00 00 00 00 00 00 00 00
左A-8;60 00 00 00 00 00 00 00 10 FF F9 00 00 90 99 00 10 71 79 00 00 1A 99 00 10 76 7F 00 00 1A FF 00 00 00 00 00 00 00 00 00 00 00 00 00 00 00 00 00 00 00 00 00 00 00 00 00 00 00 00 00 00 00 00 00
左A-9;60 00 00 00 00 00 00 00 10 FF F9 00 00 85 99 00 10 66 F9 00 00 1A 99 00 10 6B FF 00 00 1A FF 00 00 00 00 00 00 00 00 00 00 00 00 00 00 00 00 00 00 00 00 00 00 00 00 00 00 00 00 00 00 00 00 00
左A-10;60 00 00 00 00 00 00 00 10 FF F9 00 00 7B 19 00 10 5C 79 00 00 1A 99 00 10 61 7F 00 00 1A FF 00 00 00 00 00 00 00 00 00 00 00 00 00 00 00 00 00 00 00 00 00 00 00 00 00 00 00 00 00 00 00 00 00
左A-11;60 00 00 00 00 00 00 00 10 FF F9 00 00 70 99 00 10 50 F9 00 00 1A 99 00 10 55 FF 00 00 1A FF 00 00 00 00 00 00 00 00 00 00 00 00 00 00 00 00 00 00 00 00 00 00 00 00 00 00 00 00 00 00 00 00 00
左A-12;60 00 00 00 00 00 00 00 10 FF F9 00 00 66 99 00 10 45 79 00 00 1A 99 00 10 4A 7F 00 00 1A FF 00 00 00 00 00 00 00 00 00 00 00 00 00 00 00 00 00 00 00 00 00 00 00 00 00 00 00 00 00 00 00 00 00
左A-13;60 00 00 00 00 00 00 00 10 FF F9 00 00 5C 99 00 10 39 F9 00 00 1A 99 00 10 3E FF 00 00 1A FF 00 00 00 00 00 00 00 00 00 00 00 00 00 00 00 00 00 00 00 00 00 00 00 00 00 00 00 00 00 00 00 00 00
左A-14;60 00 00 00 00 00 00 00 10 FF F9 00 00 52 99 00 10 2D F9 00 00 1A 99 00 10 32 FF 00 00 1A FF 00 00 00 00 00 00 00 00 00 00 00 00 00 00 00 00 00 00 00 00 00 00 00 00 00 00 00 00 00 00 00 00 00
左A-15;60 00 00 00 00 00 00 00 10 FF F9 00 00 49 19 00 10 1A F9 00 00 1A 99 00 10 1F FF 00 00 1A FF 00 00 00 00 00 00 00 00 00 00 00 00 00 00 00 00 00 00 00 00 00 00 00 00 00 00 00 00 00 00 00 00 00
左A-16;60 00 00 00 00 00 00 00 10 FF F9 00 00 E2 99 00 10 B7 F9 00 00 1A 99 00 10 BC 99 00 00 1A DF 00 00 00 00 00 00 00 00 00 00 00 00 00 00 00 00 00 00 00 00 00 00 00 00 00 00 00 00 00 00 00 00 00
左A-17;60 00 00 00 00 00 00 00 10 FF F9 00 00 DD 19 00 10 AE 79 00 00 1A 99 00 10 B3 19 00 00 1A DF 00 00 00 00 00 00 00 00 00 00 00 00 00 00 00 00 00 00 00 00 00 00 00 00 00 00 00 00 00 00 00 00 00
左A-18;60 00 00 00 00 00 00 00 10 FF F9 00 00 CA 19 00 10 A4 F9 00 00 1A 99 00 10 A9 99 00 00 1A DF 00 00 00 00 00 00 00 00 00 00 00 00 00 00 00 00 00 00 00 00 00 00 00 00 00 00 00 00 00 00 00 00 00
左A-19;60 00 00 00 00 00 00 00 10 FF F9 00 00 BD 99 00 10 9B 79 00 00 1A 99 00 10 A0 19 00 00 1A DF 00 00 00 00 00 00 00 00 00 00 00 00 00 00 00 00 00 00 00 00 00 00 00 00 00 00 00 00 00 00 00 00 00
左A-20;60 00 00 00 00 00 00 00 10 FF F9 00 00 B0 19 00 10 91 79 00 00 1A 99 00 10 96 19 00 00 1A DF 00 00 00 00 00 00 00 00 00 00 00 00 00 00 00 00 00 00 00 00 00 00 00 00 00 00 00 00 00 00 00 00 00
左A-21;60 00 00 00 00 00 00 00 10 FF F9 00 00 A4 99 00 10 86 79 00 00 1A 99 00 10 8B 19 00 00 1A DF 00 00 00 00 00 00 00 00 00 00 00 00 00 00 00 00 00 00 00 00 00 00 00 00 00 00 00 00 00 00 00 00 00
左A-22;60 00 00 00 00 00 00 00 10 FF F9 00 00 9B 19 00 10 7B F9 00 00 1A 99 00 10 80 99 00 00 1A DF 00 00 00 00 00 00 00 00 00 00 00 00 00 00 00 00 00 00 00 00 00 00 00 00 00 00 00 00 00 00 00 00 00
左A-23;60 00 00 00 00 00 00 00 10 FF F9 00 00 90 99 00 10 71 79 00 00 1A 99 00 10 76 19 00 00 1A DF 00 00 00 00 00 00 00 00 00 00 00 00 00 00 00 00 00 00 00 00 00 00 00 00 00 00 00 00 00 00 00 00 00
左A-24;60 00 00 00 00 00 00 00 10 FF F9 00 00 85 99 00 10 66 F9 00 00 1A 99 00 10 6B 99 00 00 1A DF 00 00 00 00 00 00 00 00 00 00 00 00 00 00 00 00 00 00 00 00 00 00 00 00 00 00 00 00 00 00 00 00 00
左A-25;60 00 00 00 00 00 00 00 10 FF F9 00 00 7B 19 00 10 5C 79 00 00 1A 99 00 10 61 19 00 00 1A DF 00 00 00 00 00 00 00 00 00 00 00 00 00 00 00 00 00 00 00 00 00 00 00 00 00 00 00 00 00 00 00 00 00
左A-26;60 00 00 00 00 00 00 00 10 FF F9 00 00 70 99 00 10 50 F9 00 00 1A 99 00 10 55 99 00 00 1A DF 00 00 00 00 00 00 00 00 00 00 00 00 00 00 00 00 00 00 00 00 00 00 00 00 00 00 00 00 00 00 00 00 00
左A-27;60 00 00 00 00 00 00 00 10 FF F9 00 00 66 99 00 10 45 79 00 00 1A 99 00 10 4A 19 00 00 1A DF 00 00 00 00 00 00 00 00 00 00 00 00 00 00 00 00 00 00 00 00 00 00 00 00 00 00 00 00 00 00 00 00 00
左A-28;60 00 00 00 00 00 00 00 10 FF F9 00 00 5C 99 00 10 39 F9 00 00 1A 99 00 10 3E 99 00 00 1A DF 00 00 00 00 00 00 00 00 00 00 00 00 00 00 00 00 00 00 00 00 00 00 00 00 00 00 00 00 00 00 00 00 00
左A-29;60 00 00 00 00 00 00 00 10 FF F9 00 00 52 99 00 10 2D F9 00 00 1A 99 00 10 32 99 00 00 1A DF 00 00 00 00 00 00 00 00 00 00 00 00 00 00 00 00 00 00 00 00 00 00 00 00 00 00 00 00 00 00 00 00 00
左A-30;60 00 00 00 00 00 00 00 10 FF F9 00 00 49 19 00 10 1A F9 00 00 1A 99 00 10 1F 99 00 00 1A DF 00 00 00 00 00 00 00 00 00 00 00 00 00 00 00 00 00 00 00 00 00 00 00 00 00 00 00 00 00 00 00 00 00
左B-1;60 00 00 00 00 00 00 00 10 FF F9 00 00 DD 99 00 10 B3 79 00 00 1A 99 00 10 B7 FF 00 00 1A FF 00 00 00 00 00 00 00 00 00 00 00 00 00 00 00 00 00 00 00 00 00 00 00 00 00 00 00 00 00 00 00 00 00
左B-2;60 00 00 00 00 00 00 00 10 FF F9 00 00 CF 19 00 10 A9 F9 00 00 1A 99 00 10 AE 7F 00 00 1A FF 00 00 00 00 00 00 00 00 00 00 00 00 00 00 00 00 00 00 00 00 00 00 00 00 00 00 00 00 00 00 00 00 00
左B-3;60 00 00 00 00 00 00 00 10 FF F9 00 00 C2 99 00 10 A0 79 00 00 1A 99 00 10 A4 FF 00 00 1A FF 00 00 00 00 00 00 00 00 00 00 00 00 00 00 00 00 00 00 00 00 00 00 00 00 00 00 00 00 00 00 00 00 00
左B-4;60 00 00 00 00 00 00 00 10 FF F9 00 00 B5 19 00 10 96 79 00 00 1A 99 00 10 9B 7F 00 00 1A FF 00 00 00 00 00 00 00 00 00 00 00 00 00 00 00 00 00 00 00 00 00 00 00 00 00 00 00 00 00 00 00 00 00
左B-5;60 00 00 00 00 00 00 00 10 FF F9 00 00 A9 99 00 10 8B 79 00 00 1A 99 00 10 91 7F 00 00 1A FF 00 00 00 00 00 00 00 00 00 00 00 00 00 00 00 00 00 00 00 00 00 00 00 00 00 00 00 00 00 00 00 00 00
左B-6;60 00 00 00 00 00 00 00 10 FF F9 00 00 A0 19 00 10 80 F9 00 00 1A 99 00 10 86 7F 00 00 1A FF 00 00 00 00 00 00 00 00 00 00 00 00 00 00 00 00 00 00 00 00 00 00 00 00 00 00 00 00 00 00 00 00 00
左B-7;60 00 00 00 00 00 00 00 10 FF F9 00 00 95 99 00 10 76 79 00 00 1A 99 00 10 7B FF 00 00 1A FF 00 00 00 00 00 00 00 00 00 00 00 00 00 00 00 00 00 00 00 00 00 00 00 00 00 00 00 00 00 00 00 00 00
左B-8;60 00 00 00 00 00 00 00 10 FF F9 00 00 8A 99 00 10 6B F9 00 00 1A 99 00 10 71 7F 00 00 1A FF 00 00 00 00 00 00 00 00 00 00 00 00 00 00 00 00 00 00 00 00 00 00 00 00 00 00 00 00 00 00 00 00 00
左B-9;60 00 00 00 00 00 00 00 10 FF F9 00 00 80 19 00 10 61 79 00 00 1A 99 00 10 66 FF 00 00 1A FF 00 00 00 00 00 00 00 00 00 00 00 00 00 00 00 00 00 00 00 00 00 00 00 00 00 00 00 00 00 00 00 00 00
左B-10;60 00 00 00 00 00 00 00 10 FF F9 00 00 75 99 00 10 55 F9 00 00 1A 99 00 10 5C 7F 00 00 1A FF 00 00 00 00 00 00 00 00 00 00 00 00 00 00 00 00 00 00 00 00 00 00 00 00 00 00 00 00 00 00 00 00 00
左B-11;60 00 00 00 00 00 00 00 10 FF F9 00 00 6B 99 00 10 4A 79 00 00 1A 99 00 10 50 FF 00 00 1A FF 00 00 00 00 00 00 00 00 00 00 00 00 00 00 00 00 00 00 00 00 00 00 00 00 00 00 00 00 00 00 00 00 00
左B-12;60 00 00 00 00 00 00 00 10 FF F9 00 00 61 99 00 10 3E F9 00 00 1A 99 00 10 45 7F 00 00 1A FF 00 00 00 00 00 00 00 00 00 00 00 00 00 00 00 00 00 00 00 00 00 00 00 00 00 00 00 00 00 00 00 00 00
左B-13;60 00 00 00 00 00 00 00 10 FF F9 00 00 57 99 00 10 32 F9 00 00 1A 99 00 10 39 FF 00 00 1A FF 00 00 00 00 00 00 00 00 00 00 00 00 00 00 00 00 00 00 00 00 00 00 00 00 00 00 00 00 00 00 00 00 00
左B-14;60 00 00 00 00 00 00 00 10 FF F9 00 00 4E 19 00 10 1F F9 00 00 1A 99 00 10 2D FF 00 00 1A FF 00 00 00 00 00 00 00 00 00 00 00 00 00 00 00 00 00 00 00 00 00 00 00 00 00 00 00 00 00 00 00 00 00
左B-15;60 00 00 00 00 00 00 00 10 FF F9 00 00 44 19 00 10 1A 79 00 00 1A 99 00 10 1A FF 00 00 1A FF 00 00 00 00 00 00 00 00 00 00 00 00 00 00 00 00 00 00 00 00 00 00 00 00 00 00 00 00 00 00 00 00 00
左B-16;60 00 00 00 00 00 00 00 10 FF F9 00 00 DD 99 00 10 B3 79 00 00 1A 99 00 10 B7 99 00 00 1A F9 00 00 00 00 00 00 00 00 00 00 00 00 00 00 00 00 00 00 00 00 00 00 00 00 00 00 00 00 00 00 00 00 00
左B-17;60 00 00 00 00 00 00 00 10 FF F9 00 00 CF 19 00 10 A9 F9 00 00 1A 99 00 10 AE 19 00 00 1A F9 00 00 00 00 00 00 00 00 00 00 00 00 00 00 00 00 00 00 00 00 00 00 00 00 00 00 00 00 00 00 00 00 00
左B-18;60 00 00 00 00 00 00 00 10 FF F9 00 00 C2 99 00 10 A0 79 00 00 1A 99 00 10 A4 99 00 00 1A F9 00 00 00 00 00 00 00 00 00 00 00 00 00 00 00 00 00 00 00 00 00 00 00 00 00 00 00 00 00 00 00 00 00
左B-19;60 00 00 00 00 00 00 00 10 FF F9 00 00 B5 19 00 10 96 79 00 00 1A 99 00 10 9B 19 00 00 1A F9 00 00 00 00 00 00 00 00 00 00 00 00 00 00 00 00 00 00 00 00 00 00 00 00 00 00 00 00 00 00 00 00 00
左B-20;60 00 00 00 00 00 00 00 10 FF F9 00 00 A9 99 00 10 8B 79 00 00 1A 99 00 10 91 19 00 00 1A F9 00 00 00 00 00 00 00 00 00 00 00 00 00 00 00 00 00 00 00 00 00 00 00 00 00 00 00 00 00 00 00 00 00
左B-21;60 00 00 00 00 00 00 00 10 FF F9 00 00 A0 19 00 10 80 F9 00 00 1A 99 00 10 86 19 00 00 1A F9 00 00 00 00 00 00 00 00 00 00 00 00 00 00 00 00 00 00 00 00 00 00 00 00 00 00 00 00 00 00 00 00 00
左B-22;60 00 00 00 00 00 00 00 10 FF F9 00 00 95 99 00 10 76 79 00 00 1A 99 00 10 7B 99 00 00 1A F9 00 00 00 00 00 00 00 00 00 00 00 00 00 00 00 00 00 00 00 00 00 00 00 00 00 00 00 00 00 00 00 00 00
左B-23;60 00 00 00 00 00 00 00 10 FF F9 00 00 8A 99 00 10 6B F9 00 00 1A 99 00 10 71 19 00 00 1A F9 00 00 00 00 00 00 00 00 00 00 00 00 00 00 00 00 00 00 00 00 00 00 00 00 00 00 00 00 00 00 00 00 00
左B-24;60 00 00 00 00 00 00 00 10 FF F9 00 00 80 19 00 10 61 79 00 00 1A 99 00 10 66 99 00 00 1A F9 00 00 00 00 00 00 00 00 00 00 00 00 00 00 00 00 00 00 00 00 00 00 00 00 00 00 00 00 00 00 00 00 00
左B-25;60 00 00 00 00 00 00 00 10 FF F9 00 00 75 99 00 10 55 F9 00 00 1A 99 00 10 5C 19 00 00 1A F9 00 00 00 00 00 00 00 00 00 00 00 00 00 00 00 00 00 00 00 00 00 00 00 00 00 00 00 00 00 00 00 00 00
左B-26;60 00 00 00 00 00 00 00 10 FF F9 00 00 6B 99 00 10 4A 79 00 00 1A 99 00 10 50 99 00 00 1A F9 00 00 00 00 00 00 00 00 00 00 00 00 00 00 00 00 00 00 00 00 00 00 00 00 00 00 00 00 00 00 00 00 00
左B-27;60 00 00 00 00 00 00 00 10 FF F9 00 00 61 99 00 10 3E F9 00 00 1A 99 00 10 45 19 00 00 1A F9 00 00 00 00 00 00 00 00 00 00 00 00 00 00 00 00 00 00 00 00 00 00 00 00 00 00 00 00 00 00 00 00 00
左B-28;60 00 00 00 00 00 00 00 10 FF F9 00 00 57 99 00 10 32 F9 00 00 1A 99 00 10 39 99 00 00 1A F9 00 00 00 00 00 00 00 00 00 00 00 00 00 00 00 00 00 00 00 00 00 00 00 00 00 00 00 00 00 00 00 00 00
左B-29;60 00 00 00 00 00 00 00 10 FF F9 00 00 4E 19 00 10 1F F9 00 00 1A 99 00 10 2D 99 00 00 1A F9 00 00 00 00 00 00 00 00 00 00 00 00 00 00 00 00 00 00 00 00 00 00 00 00 00 00 00 00 00 00 00 00 00
左B-30;60 00 00 00 00 00 00 00 10 FF F9 00 00 44 19 00 10 1A 79 00 00 1A 99 00 10 1A 99 00 00 1A F9 00 00 00 00 00 00 00 00 00 00 00 00 00 00 00 00 00 00 00 00 00 00 00 00 00 00 00 00 00 00 00 00 00
